Bin	BinLow	BinHigh	MC_Total	Data	DYJets	TT	Nonprompt	Others	Stat_pct	SystUp_pct	SystDn_pct	TotalUp_pct	TotalDn_pct	Pileup_pct	ElectronID_pct	ElectronReco_pct	ElectronTrig_pct	MuonID_pct	MuonReco_pct	MuonTrig_pct	MuonIso_pct	JER_pct	JES_pct	DYJets_Stat_pct	DYJets_SystUp_pct	DYJets_SystDn_pct	DYJets_TotalUp_pct	DYJets_TotalDn_pct	DYJets_Pileup_pct	DYJets_ElectronID_pct	DYJets_ElectronReco_pct	DYJets_ElectronTrig_pct	DYJets_MuonID_pct	DYJets_MuonReco_pct	DYJets_MuonTrig_pct	DYJets_MuonIso_pct	DYJets_JER_pct	DYJets_JES_pct	TT_Stat_pct	TT_SystUp_pct	TT_SystDn_pct	TT_TotalUp_pct	TT_TotalDn_pct	TT_Pileup_pct	TT_ElectronID_pct	TT_ElectronReco_pct	TT_ElectronTrig_pct	TT_MuonID_pct	TT_MuonReco_pct	TT_MuonTrig_pct	TT_MuonIso_pct	TT_JER_pct	TT_JES_pct	Nonprompt_Stat_pct	Nonprompt_SystUp_pct	Nonprompt_SystDn_pct	Nonprompt_TotalUp_pct	Nonprompt_TotalDn_pct	Nonprompt_Pileup_pct	Nonprompt_ElectronID_pct	Nonprompt_ElectronReco_pct	Nonprompt_ElectronTrig_pct	Nonprompt_MuonID_pct	Nonprompt_MuonReco_pct	Nonprompt_MuonTrig_pct	Nonprompt_MuonIso_pct	Nonprompt_JER_pct	Nonprompt_JES_pct	Others_Stat_pct	Others_SystUp_pct	Others_SystDn_pct	Others_TotalUp_pct	Others_TotalDn_pct	Others_Pileup_pct	Others_ElectronID_pct	Others_ElectronReco_pct	Others_ElectronTrig_pct	Others_MuonID_pct	Others_MuonReco_pct	Others_MuonTrig_pct	Others_MuonIso_pct	Others_JER_pct	Others_JES_pct
11	40.0000	44.0000	8.1009	0.0000	1.1860	6.2512	0.3678	0.2959	7.4226	3.5204	2.8266	8.2151	7.9425	3.2503	0.0000	0.0000	0.0000	0.4243	0.0000	1.2189	0.4035	0.0000	0.0000	14.2574	4.0699	3.6189	14.8269	14.7095	3.5393	0.0000	0.0000	0.0000	0.6603	0.0000	1.7880	0.6364	0.0000	0.0000	8.7410	4.8359	3.9551	9.9895	9.5942	4.6779	0.0000	0.0000	0.0000	0.3828	0.0000	1.1066	0.3633	0.0000	0.0000	44.9243	8.3388	3.2985	45.6917	45.0453	8.2971	0.0000	0.0000	0.0000	0.2220	0.0000	0.7689	0.2312	0.0000	0.0000	28.4523	2.3630	8.2887	28.5503	29.6351	8.0410	0.0000	0.0000	0.0000	0.6065	0.0000	1.8698	0.5321	0.0000	0.0000
12	44.0000	48.0000	9.5119	0.0000	1.1025	7.5702	0.6189	0.2203	6.8073	3.6974	2.5247	7.7466	7.2604	3.4212	0.0000	0.0000	0.0000	0.4389	0.0000	1.2463	0.4066	0.0000	0.2344	18.5465	2.3578	2.7025	18.6958	18.7424	1.4372	0.0000	0.0000	0.0000	0.8991	0.0000	1.9808	0.7620	0.0000	0.0011	7.5990	4.7283	3.2163	8.9499	8.2516	4.5820	0.0000	0.0000	0.0000	0.3276	0.0000	1.0435	0.3122	0.0000	0.2625	33.2783	6.2879	3.9623	33.8672	33.5134	6.0486	0.0000	0.0000	0.0000	0.4144	0.0000	1.5654	0.4215	0.0000	0.3908	29.1011	5.0779	4.9967	29.5408	29.5270	2.2453	0.0000	0.0000	0.0000	2.0260	0.0000	3.6458	1.8295	0.0000	0.0000
13	48.0000	52.0000	9.7411	0.0000	0.8411	7.7049	0.8194	0.3757	6.8651	1.6179	1.6952	7.0531	7.0713	0.8378	0.0000	0.0000	0.0000	0.4572	0.0000	1.3389	0.4353	0.0000	0.0000	13.4922	3.4904	3.0228	13.9364	13.8267	2.2699	0.0000	0.0000	0.0000	0.9773	0.0000	2.2947	0.8999	0.0001	0.0001	7.5071	1.7855	1.5845	7.7165	7.6725	1.1408	0.0000	0.0000	0.0000	0.4104	0.0000	1.2503	0.3937	0.0000	0.0000	36.9742	0.8060	4.8969	36.9830	37.2971	4.8306	0.0000	0.0000	0.0000	0.1362	0.0000	0.7791	0.1552	0.0000	0.0000	23.7771	2.5782	2.7461	23.9165	23.9352	1.0112	0.0000	0.0000	0.0000	0.9533	0.0000	2.2364	0.8583	0.0000	0.0000
14	52.0000	56.0000	10.4035	0.0000	0.7934	8.6930	0.6606	0.2565	6.3759	2.7000	2.8175	6.9240	6.9706	2.4168	0.0000	0.0000	0.0000	0.4472	0.0000	1.3194	0.4193	0.0000	0.0006	13.9391	8.6436	7.1718	16.4016	15.6759	8.2346	0.0000	0.0000	0.0000	0.9614	0.0000	2.2879	0.8623	0.0000	0.0003	7.0496	2.2434	2.8190	7.3979	7.5923	2.5186	0.0000	0.0000	0.0000	0.3747	0.0000	1.1593	0.3598	0.0000	0.0000	31.9077	4.3272	1.7650	32.1998	31.9565	4.0091	0.0000	0.0000	0.0000	0.4582	0.0000	1.5082	0.4092	0.0000	0.0089	34.3818	10.4449	7.1888	35.9333	35.1253	9.7787	0.0000	0.0000	0.0000	1.2834	0.0000	3.2616	1.0896	0.0000	0.0000
15	56.0000	60.0000	9.7204	0.0000	1.0483	7.4279	0.9795	0.2647	7.1991	3.1196	2.6217	7.8460	7.6616	2.7025	0.0000	0.0000	0.0000	0.5243	0.0000	1.3821	0.4932	0.0000	0.0000	16.0152	5.7008	6.8493	16.9995	17.4183	6.0517	0.0000	0.0000	0.0000	1.2079	0.0000	2.7662	1.1547	0.0000	0.0000	8.4792	2.7636	1.7620	8.9182	8.6603	2.4136	0.0000	0.0000	0.0000	0.4423	0.0000	1.2048	0.4063	0.0000	0.0000	24.0043	1.0004	3.2743	24.0251	24.2266	3.1491	0.0000	0.0000	0.0000	0.1670	0.0000	0.8593	0.2064	0.0000	0.0000	36.9219	11.8052	10.5151	38.7633	38.3900	11.2922	0.0000	0.0000	0.0000	1.4391	0.0000	2.8083	1.3751	0.0000	0.0000
16	60.0000	64.0000	10.1523	0.0000	0.8876	7.9425	0.9807	0.3415	6.6408	1.9381	1.4917	6.9178	6.8062	1.4548	0.0000	0.0000	0.0000	0.3508	0.0000	1.1838	0.3397	0.0006	0.0000	15.7001	2.8069	3.2262	15.9491	16.0281	1.7152	0.0000	0.0000	0.0000	0.9654	0.0000	2.4740	0.8977	0.0074	0.0000	7.6773	1.5578	1.0977	7.8338	7.7554	1.1017	0.0000	0.0000	0.0000	0.2741	0.0000	1.0324	0.2689	0.0000	0.0000	23.1462	9.9636	8.9759	25.1996	24.8256	9.8855	0.0000	0.0000	0.0000	0.3823	0.0000	1.1260	0.3691	0.0000	0.0000	31.7630	1.6449	6.5010	31.8055	32.4215	6.3022	0.0000	0.0000	0.0000	0.4462	0.0000	1.5173	0.4521	0.0000	0.0000
17	64.0000	68.0000	9.9489	0.0000	0.7130	7.9434	0.9831	0.3095	6.7515	2.0691	2.0777	7.0614	7.0639	1.1002	0.0000	0.0000	0.0000	0.6023	0.0000	1.5590	0.5856	0.0658	0.5511	15.6649	3.3006	4.6720	16.0088	16.3468	3.3295	0.0000	0.0000	0.0000	1.2860	0.0000	2.7985	1.1867	0.0001	0.0208	7.5343	2.5226	2.2161	7.9454	7.8535	1.7287	0.0000	0.0000	0.0000	0.5827	0.0000	1.4968	0.5671	0.0000	0.6883	27.7754	2.1301	2.6715	27.8570	27.9036	2.5140	0.0000	0.0000	0.0000	0.1928	0.0000	0.8520	0.2384	0.6656	0.0000	24.9525	4.2030	7.5001	25.3040	26.0554	6.9786	0.0000	0.0000	0.0000	0.8315	0.0000	2.5465	0.7794	0.0000	0.0000
18	68.0000	72.0000	10.1015	0.0000	0.8666	7.7378	0.9024	0.5947	6.7349	1.6648	2.0734	6.9376	7.0469	0.9771	0.0000	0.0000	0.0000	0.5398	0.0000	1.4893	0.5122	0.7774	0.0016	17.5938	4.2409	3.8776	18.0977	18.0160	2.5083	0.0000	0.0000	0.0000	1.2633	0.0000	2.9380	1.2110	0.0000	0.0182	7.6608	1.6765	2.5868	7.8421	8.0858	1.8317	0.0000	0.0000	0.0000	0.4785	0.0000	1.3755	0.4557	1.0149	0.0000	28.6551	1.9048	1.3746	28.7184	28.6881	1.5774	0.0000	0.0000	0.0000	0.3298	0.0000	0.9731	0.2905	0.0000	0.0000	24.5674	2.1884	5.8352	24.6647	25.2509	5.5430	0.0000	0.0000	0.0000	0.6007	0.0000	1.6427	0.5646	0.0000	0.0000
19	72.0000	76.0000	9.1785	0.0000	0.4297	7.5148	0.8482	0.3858	7.1348	1.7085	1.8040	7.3365	7.3594	0.5011	0.0000	0.0000	0.0000	0.5178	0.0000	1.4730	0.4794	0.0000	0.7293	21.9867	3.2374	3.3691	22.2238	22.2434	2.3128	0.0000	0.0000	0.0000	0.7399	0.0000	2.2493	0.7285	0.0000	0.0051	7.8382	1.9162	1.6914	8.0690	8.0186	1.0946	0.0000	0.0000	0.0000	0.4952	0.0000	1.4221	0.4540	0.0000	0.0000	28.2054	6.8270	6.0225	29.0198	28.8412	6.7373	0.0000	0.0000	0.0000	0.3856	0.0000	0.9739	0.3443	0.0000	0.0000	32.5189	16.6780	27.9011	36.5463	42.8480	21.6349	0.0000	0.0000	0.0000	1.0028	0.0000	2.6970	0.9932	0.0000	17.3557
20	76.0000	80.0000	9.2612	0.0000	0.2815	7.2750	1.5046	0.2001	7.1248	1.7949	1.9661	7.3474	7.3910	1.0111	0.0000	0.0000	0.0000	0.4501	0.0000	1.3476	0.4254	0.2802	1.0384	19.3477	5.3559	4.4725	20.0753	19.8579	4.6912	0.0000	0.0000	0.0000	0.8261	0.0000	2.3214	0.7791	0.0014	0.0014	7.9654	1.9100	2.3042	8.1913	8.2920	1.1664	0.0000	0.0000	0.0000	0.4474	0.0000	1.3799	0.4285	0.3568	1.3219	19.4669	2.7164	2.2450	19.6555	19.5960	2.5053	0.0000	0.0000	0.0000	0.3687	0.0000	0.9318	0.3127	0.0000	0.0000	52.0009	25.7650	21.1590	58.0339	56.1409	25.6763	0.0000	0.0000	0.0000	0.6327	0.0000	1.9293	0.6631	0.0000	0.0000
21	80.0000	84.0000	7.8958	0.0000	0.4479	6.3508	0.7715	0.3256	7.4149	2.5270	2.2718	7.8337	7.7552	2.1167	0.0000	0.0000	0.0000	0.4011	0.0000	1.2639	0.3824	0.4387	0.4387	19.0355	3.6955	3.6944	19.3909	19.3907	1.1476	0.0000	0.0000	0.0000	1.4982	0.0000	2.8906	1.3791	0.0002	0.0003	8.2973	2.4893	2.4113	8.6627	8.6406	2.1405	0.0000	0.0000	0.0000	0.3315	0.0000	1.1845	0.3195	0.5454	0.5454	26.7433	1.4069	0.8781	26.7803	26.7578	1.1403	0.0000	0.0000	0.0000	0.1879	0.0000	0.7813	0.1829	0.0000	0.0000	37.9484	12.0721	8.5435	39.8224	38.8983	11.8911	0.0000	0.0000	0.0000	0.7550	0.0000	1.7192	0.7120	0.0000	0.5518
22	84.0000	88.0000	8.3876	0.0000	0.4148	6.3967	1.1101	0.4660	7.8357	1.6025	1.6448	7.9979	8.0065	0.4818	0.0000	0.0000	0.0000	0.4823	0.0000	1.4153	0.4633	0.1577	0.2187	18.6412	3.4409	3.4183	18.9561	18.9520	0.4532	0.0000	0.0000	0.0000	1.2501	0.0000	2.9924	1.1266	0.0218	0.0000	8.3826	2.0866	2.2111	8.6384	8.6693	1.6509	0.0000	0.0000	0.0000	0.4309	0.0000	1.3142	0.4299	0.2054	0.2867	32.1904	1.3408	1.5707	32.2183	32.2287	1.0344	0.0000	0.0000	0.0000	0.3715	0.0000	1.0861	0.3008	0.0000	0.0000	22.2462	13.1333	13.4940	25.8337	26.0189	13.2769	0.0000	0.0000	0.0000	0.7692	0.0000	2.1843	0.7195	0.0000	0.0000
23	88.0000	92.0000	8.4491	0.0000	0.4371	6.0904	1.5361	0.3855	7.4568	2.1874	1.6904	7.7710	7.6460	1.2211	0.0000	0.0000	0.0000	0.5142	0.0000	1.4690	0.4707	0.1203	0.8013	25.8366	5.0306	6.1866	26.3218	26.5670	5.5839	0.0000	0.0000	0.0000	0.8649	0.0000	2.2345	0.8115	0.0309	0.8982	8.6132	3.6419	1.7835	9.3515	8.7959	3.0168	0.0000	0.0000	0.0000	0.5493	0.0000	1.5380	0.4993	0.1647	1.1094	20.4557	1.9824	3.7113	20.5516	20.7897	3.5553	0.0000	0.0000	0.0000	0.2704	0.0000	1.0009	0.2609	0.0000	0.0000	26.2907	1.9370	2.0325	26.3620	26.3692	1.1649	0.0000	0.0000	0.0000	0.5335	0.0000	1.3751	0.4685	0.0000	1.2626
24	92.0000	96.0000	7.9377	0.0000	0.4763	5.8769	1.2738	0.3107	7.5442	2.2067	1.8846	7.8604	7.7761	0.8844	0.0000	0.0000	0.0000	0.4341	0.0000	1.3481	0.3941	0.4905	1.6458	22.0904	7.1433	7.6046	23.2167	23.3627	7.1403	0.0000	0.0000	0.0000	1.0713	0.0000	2.2376	0.8827	0.0000	0.0025	8.7153	2.5574	3.5461	9.0828	9.4091	3.0276	0.0000	0.0000	0.0000	0.4219	0.0000	1.3995	0.3917	0.6625	1.7247	20.5968	5.4046	5.7402	21.2941	21.3817	5.6897	0.0000	0.0000	0.0000	0.2258	0.0000	0.6988	0.1991	0.0000	2.2978	41.1704	5.0251	3.2964	41.4759	41.3021	4.6820	0.0000	0.0000	0.0000	0.5422	0.0000	1.6721	0.4908	0.0000	0.1580
25	96.0000	100.0000	7.3242	0.0000	0.3002	5.9148	0.6474	0.4618	7.6353	1.6929	2.5102	7.8208	8.0374	2.0984	0.0000	0.0000	0.0000	0.3526	0.0000	1.2902	0.3457	0.0075	0.2465	18.0858	3.1594	4.5101	18.3596	18.6396	3.8560	0.0000	0.0000	0.0000	0.7737	0.0000	2.0193	0.7334	0.1836	1.1227	8.6564	1.1564	1.4356	8.7333	8.7746	0.8546	0.0000	0.0000	0.0000	0.2706	0.0000	1.0900	0.2683	0.0000	0.1026	27.4899	14.2830	16.7275	30.9791	32.1793	16.7001	0.0000	0.0000	0.0000	0.2425	0.0000	0.8947	0.2434	0.0000	0.0000	27.3575	6.0955	6.8691	28.0284	28.2067	5.3726	0.0000	0.0000	0.0000	1.2845	0.0000	3.9346	1.2277	0.0000	2.3815
26	100.0000	104.0000	7.0168	0.0000	0.5306	5.0642	0.9454	0.4766	8.1825	4.5478	2.3358	9.3614	8.5093	3.7673	0.0000	0.0000	0.0000	0.6006	0.0000	1.6542	0.5653	0.0771	1.7515	18.0214	5.1379	6.3521	18.7395	19.1081	4.4476	0.0000	0.0000	0.0000	0.8580	0.0000	2.2156	0.7976	0.0001	4.3654	10.0390	6.2795	2.8194	11.8412	10.4274	5.5620	0.0000	0.0000	0.0000	0.5889	0.0000	1.4957	0.5436	0.1306	2.3662	24.2132	3.4776	4.0444	24.4616	24.5486	3.7271	0.0000	0.0000	0.0000	0.4476	0.0000	1.4329	0.4729	0.0000	0.0000	20.5905	4.0341	3.5143	20.9820	20.8882	2.2954	0.0000	0.0000	0.0000	0.7421	0.0000	3.1521	0.7205	0.2533	0.2533
27	104.0000	108.0000	6.7655	0.0000	0.3720	4.7137	1.3556	0.3242	8.4073	3.2216	2.1490	9.0034	8.6776	1.5936	0.0000	0.0000	0.0000	0.4484	0.0000	1.3147	0.4194	0.9771	2.3550	18.8347	3.9231	4.5207	19.2390	19.3697	3.8498	0.0000	0.0000	0.0000	0.7505	0.0000	2.1617	0.6836	0.0000	0.1512	10.1289	3.9730	1.4984	10.8802	10.2391	0.8465	0.0000	0.0000	0.0000	0.3924	0.0000	1.2069	0.3823	1.4024	3.3682	20.6238	8.9827	6.5521	22.4951	21.6396	8.9423	0.0000	0.0000	0.0000	0.2435	0.0000	0.7810	0.2333	0.0000	0.0000	34.4856	9.8005	25.8986	35.8512	43.1277	25.4810	0.0000	0.0000	0.0000	1.7731	0.0000	4.1425	1.4336	0.0000	0.0000
28	108.0000	112.0000	6.5786	0.0000	0.6730	4.9730	0.6557	0.2768	8.2912	4.0644	3.2945	9.2338	8.9218	2.8843	0.0000	0.0000	0.0000	0.5117	0.0000	1.4961	0.4709	0.0002	2.3406	17.8186	5.0171	6.4075	18.5114	18.9356	5.8163	0.0000	0.0000	0.0000	1.0117	0.0000	2.3463	0.8802	0.0021	0.1800	9.5245	4.1749	2.3570	10.3994	9.8118	2.4386	0.0000	0.0000	0.0000	0.4210	0.0000	1.3064	0.4030	0.0000	3.0719	32.9369	6.2553	6.9430	33.5256	33.6607	6.8206	0.0000	0.0000	0.0000	0.4222	0.0000	1.1756	0.3744	0.0000	0.0000	39.7869	3.8828	5.4639	39.9759	40.1603	3.9170	0.0000	0.0000	0.0000	1.1368	0.0000	3.5956	0.9247	0.0000	0.0000
29	112.0000	116.0000	7.3766	0.0000	0.5075	5.3483	1.2838	0.2371	8.1644	2.5079	2.4133	8.5409	8.5136	1.7003	0.0000	0.0000	0.0000	0.5496	0.0000	1.5456	0.5285	0.0591	1.7900	23.0056	1.6215	2.2302	23.0627	23.1134	0.2711	0.0000	0.0000	0.0000	0.5131	0.0000	1.4072	0.5094	0.0896	1.5771	9.4101	3.3390	2.5913	9.9849	9.7604	1.7880	0.0000	0.0000	0.0000	0.6093	0.0000	1.6966	0.5804	0.0815	2.4488	23.4795	0.9105	3.0638	23.4971	23.6785	2.9261	0.0000	0.0000	0.0000	0.2088	0.0000	0.8596	0.2157	0.0000	0.0000	29.6398	4.2970	7.7661	29.9497	30.6404	7.2984	0.0000	0.0000	0.0000	1.1249	0.0000	2.1509	1.0930	0.0000	0.0000
30	116.0000	120.0000	5.2441	0.0000	0.3822	3.7472	0.9458	0.1688	9.2635	4.0218	3.9822	10.0989	10.0832	3.7014	0.0000	0.0000	0.0000	0.4535	0.0000	1.3412	0.4109	0.0285	0.6892	16.5845	3.1914	3.6121	16.8888	16.9733	3.0590	0.0000	0.0000	0.0000	0.6769	0.0000	1.6844	0.6329	0.3915	1.0866	10.8597	2.3754	1.9719	11.1164	11.0373	1.6041	0.0000	0.0000	0.0000	0.4663	0.0000	1.3980	0.4105	0.0000	0.8537	26.4179	13.2880	15.5407	29.5716	30.6500	15.5228	0.0000	0.0000	0.0000	0.1352	0.0000	0.7209	0.1510	0.0000	0.0000	37.1908	7.4913	3.4975	37.9378	37.3549	6.6651	0.0000	0.0000	0.0000	1.4448	0.0000	2.7780	1.3751	0.0000	0.0000
31	120.0000	124.0000	6.1822	0.0000	0.3806	4.6030	1.0012	0.1974	8.8456	5.7625	4.8578	10.5570	10.0917	5.5227	0.0000	0.0000	0.0000	0.5143	0.0000	1.4800	0.4830	0.0104	0.1369	19.8951	14.5200	9.4252	24.6302	22.0148	14.2329	0.0000	0.0000	0.0000	1.2165	0.0000	2.3031	1.0350	0.1690	0.6316	9.2259	5.3597	5.4088	10.6698	10.6945	5.1614	0.0000	0.0000	0.0000	0.4823	0.0000	1.4802	0.4626	0.0000	0.1317	32.2690	15.0843	9.3594	35.6206	33.5989	15.0419	0.0000	0.0000	0.0000	0.3065	0.0000	1.0435	0.3108	0.0000	0.0000	46.9613	2.4357	6.0275	47.0244	47.3465	5.0750	0.0000	0.0000	0.0000	0.9614	0.0000	2.1025	0.7664	0.0000	2.1643
32	124.0000	128.0000	4.6760	0.0000	0.3477	3.2579	0.8315	0.2388	10.7015	1.5872	2.8215	10.8186	11.0673	1.5299	0.0000	0.0000	0.0000	0.3528	0.0000	1.2830	0.3314	0.0114	1.9386	20.8275	5.7368	5.0619	21.6031	21.4338	5.3568	0.0000	0.0000	0.0000	0.6351	0.0000	1.5956	0.5984	0.1530	0.9404	12.8383	1.8391	3.2667	12.9693	13.2474	1.2171	0.0000	0.0000	0.0000	0.3141	0.0000	1.2263	0.2872	0.0000	2.7422	30.6190	1.1022	4.3715	30.6388	30.9295	4.2316	0.0000	0.0000	0.0000	0.2765	0.0000	1.0277	0.2866	0.0000	0.0000	30.7512	4.5078	4.0293	31.0799	31.0141	3.6170	0.0000	0.0000	0.0000	0.7362	0.0000	2.4909	0.7008	0.0000	0.0000
33	128.0000	132.0000	4.1864	0.0000	0.4259	2.5414	0.8952	0.3239	11.0887	6.2686	4.5851	12.7379	11.9992	4.4119	0.0000	0.0000	0.0000	0.6739	0.0000	1.7555	0.6532	0.4948	3.9526	28.8195	4.7204	5.1820	29.2035	29.2817	4.2763	0.0000	0.0000	0.0000	1.0314	0.0000	2.2182	0.9921	0.3323	1.2381	13.9871	8.3491	3.8999	16.2895	14.5206	4.8916	0.0000	0.0000	0.0000	0.7079	0.0000	1.9249	0.6698	0.7725	6.3661	28.6106	2.4669	4.5751	28.7168	28.9741	4.4533	0.0000	0.0000	0.0000	0.3065	0.0000	0.9440	0.3465	0.0000	0.0000	28.4185	7.8601	10.2441	29.4855	30.2085	9.9485	0.0000	0.0000	0.0000	0.9522	0.0000	2.0613	0.9256	0.0000	0.0000
34	132.0000	136.0000	4.1626	0.0000	0.4018	2.9607	0.5656	0.2345	10.1347	4.7046	6.2279	11.1735	11.8954	5.2682	0.0000	0.0000	0.0000	0.3789	0.0000	1.2658	0.3482	0.4704	3.0304	20.5427	8.2164	10.4572	22.1249	23.0512	7.9585	0.0000	0.0000	0.0000	1.1796	0.0000	2.3370	1.0068	0.1234	6.1817	12.6055	5.4108	7.6726	13.7176	14.7569	6.7504	0.0000	0.0000	0.0000	0.2925	0.0000	1.2041	0.2694	0.6614	3.4216	28.8360	9.6771	9.3534	30.4164	30.3150	9.6519	0.0000	0.0000	0.0000	0.1519	0.0000	0.6606	0.1653	0.0000	0.0000	30.9676	3.8105	1.8955	31.2011	31.0255	3.2997	0.0000	0.0000	0.0000	0.6445	0.0000	1.6694	0.6559	0.0000	0.0000
35	136.0000	140.0000	4.1968	0.0000	0.3809	3.0492	0.5727	0.1941	10.3139	3.0019	3.5411	10.7419	10.9049	2.2897	0.0000	0.0000	0.0000	0.5620	0.0000	1.6118	0.5257	0.0333	2.0342	19.2086	3.9322	3.0414	19.6070	19.4479	1.1190	0.0000	0.0000	0.0000	0.8304	0.0000	1.8696	0.7692	0.3669	3.0494	12.2747	2.2123	3.0863	12.4725	12.6568	1.8857	0.0000	0.0000	0.0000	0.6003	0.0000	1.6583	0.5588	0.0000	1.6076	33.5098	13.5141	9.5128	36.1322	34.8338	13.4577	0.0000	0.0000	0.0000	0.1559	0.0000	1.2142	0.1497	0.0000	0.0000	36.8112	7.6399	16.3948	37.5956	40.2970	7.4265	0.0000	0.0000	0.0000	0.6310	0.0000	1.5494	0.6377	0.0000	14.5651
36	140.0000	144.0000	3.3829	0.0000	0.4990	2.0289	0.6198	0.2352	11.2111	3.2538	2.9101	11.6737	11.5826	2.6075	0.0000	0.0000	0.0000	0.5642	0.0000	1.5213	0.5031	0.0044	1.2806	20.4522	8.5693	8.0583	22.1749	21.9825	8.0350	0.0000	0.0000	0.0000	0.9042	0.0000	2.4899	0.7408	0.0298	1.1430	14.7707	3.6669	4.0815	15.2191	15.3243	3.1946	0.0000	0.0000	0.0000	0.4727	0.0000	1.2762	0.4392	0.0000	2.1028	31.6147	3.8898	1.6561	31.8531	31.6580	3.6055	0.0000	0.0000	0.0000	0.5092	0.0000	1.2918	0.4501	0.0000	0.0000	30.7250	28.8829	27.7351	42.1693	41.3916	28.7813	0.0000	0.0000	0.0000	0.7761	0.0000	2.1860	0.6903	0.0000	0.0000
37	144.0000	148.0000	3.1442	0.0000	0.3864	1.8904	0.7419	0.1254	11.9190	1.8655	2.0061	12.0641	12.0866	0.1796	0.0000	0.0000	0.0000	0.6462	0.0000	1.6294	0.6174	0.0498	0.7484	20.1089	3.9416	3.7433	20.4915	20.4543	2.9563	0.0000	0.0000	0.0000	0.8436	0.0000	1.9118	0.8230	0.4050	1.3236	15.1087	2.6486	4.0289	15.3391	15.6367	3.4864	0.0000	0.0000	0.0000	0.5570	0.0000	1.5615	0.5354	0.0000	1.0321	30.0570	9.2218	6.5719	31.4398	30.7670	9.0314	0.0000	0.0000	0.0000	0.7699	0.0000	1.5322	0.7311	0.0000	0.0000	44.3728	11.5678	12.2038	45.8559	46.0204	11.9473	0.0000	0.0000	0.0000	0.6505	0.0000	2.3568	0.5482	0.0000	0.0000
38	148.0000	152.0000	3.1707	0.0000	0.4016	1.8403	0.7969	0.1319	12.1347	4.9553	4.6691	13.1075	13.0020	3.3366	0.0000	0.0000	0.0000	0.4382	0.0000	1.4939	0.4073	1.5096	4.2012	19.6040	3.0873	7.1142	19.8456	20.8550	2.6618	0.0000	0.0000	0.0000	0.7784	0.0000	1.6712	0.7084	0.3891	6.2963	16.2665	7.4939	4.7062	17.9097	16.9336	3.2374	0.0000	0.0000	0.0000	0.5359	0.0000	1.8561	0.4861	0.0000	6.9613	27.0792	3.1508	4.5519	27.2619	27.4591	4.4880	0.0000	0.0000	0.0000	0.1355	0.0000	0.7327	0.1579	0.0000	0.0000	57.0329	0.5570	37.4968	57.0356	68.2552	1.4724	0.0000	0.0000	0.0000	0.1313	0.0000	0.4998	0.1032	37.4642	0.0000
39	152.0000	156.0000	3.2873	0.0000	0.4340	1.6700	1.0345	0.1489	11.6140	7.4069	7.2500	13.7749	13.6912	6.9816	0.0000	0.0000	0.0000	0.6833	0.0000	1.6999	0.6358	1.5571	1.9221	21.1418	4.2902	4.6339	21.5727	21.6437	3.8142	0.0000	0.0000	0.0000	1.1244	0.0000	2.1733	0.9830	0.0005	0.0378	15.0781	14.1774	11.8035	20.6966	19.1487	13.4578	0.0000	0.0000	0.0000	0.4445	0.0000	1.4793	0.4283	3.0651	2.8143	25.9484	2.5129	3.3992	26.0698	26.1701	2.7667	0.0000	0.0000	0.0000	0.7636	0.0000	1.6831	0.7068	0.0000	1.5489	29.1632	10.9115	14.2260	31.1376	32.4479	13.7591	0.0000	0.0000	0.0000	1.5177	0.0000	2.9111	1.4586	0.0000	0.4768
40	156.0000	160.0000	3.0019	0.0000	0.2704	1.3821	1.0988	0.2506	11.8524	7.3604	3.9544	13.9518	12.4947	7.1822	0.0000	0.0000	0.0000	0.4801	0.0000	1.1063	0.4298	0.0134	1.3798	24.4135	17.4928	9.4874	30.0336	26.1922	17.3237	0.0000	0.0000	0.0000	0.7954	0.0000	1.8047	0.7677	0.1486	1.1781	16.8925	6.3960	4.4657	18.0628	17.4728	6.0032	0.0000	0.0000	0.0000	0.4446	0.0000	0.9859	0.3703	0.0000	1.8878	22.7724	9.2228	3.8687	24.5691	23.0986	9.1715	0.0000	0.0000	0.0000	0.3184	0.0000	0.8583	0.3242	0.0000	0.0000	28.5270	6.7789	8.7615	29.3214	29.8422	6.3011	0.0000	0.0000	0.0000	1.0445	0.0000	2.1040	0.8557	0.0000	5.9020
41	160.0000	164.0000	2.9909	0.0000	0.3712	1.4900	0.9119	0.2179	12.1400	3.2987	3.6321	12.5802	12.6717	3.1601	0.0000	0.0000	0.0000	0.4897	0.0000	1.3651	0.5091	0.5712	2.1684	19.7237	5.3664	5.0092	20.4407	20.3499	4.8049	0.0000	0.0000	0.0000	0.8349	0.0000	1.9612	0.7826	0.2863	1.3528	17.1477	4.0249	3.9887	17.6137	17.6055	3.3244	0.0000	0.0000	0.0000	0.4681	0.0000	1.3675	0.4856	1.1293	3.3044	25.8193	4.5470	5.0963	26.2166	26.3174	5.0204	0.0000	0.0000	0.0000	0.2364	0.0000	0.7933	0.2953	0.0000	0.0000	34.8646	7.6890	8.4244	35.7024	35.8680	7.8207	0.0000	0.0000	0.0000	1.1098	0.0000	2.7266	1.0988	0.0000	5.9977
42	164.0000	168.0000	1.8547	0.0000	0.2805	1.0595	0.4262	0.0886	16.9217	1.6845	2.4906	17.0054	17.1040	1.5171	0.0000	0.0000	0.0000	0.5955	0.0000	1.4712	0.5612	0.0000	1.0424	25.4001	3.7697	5.8705	25.6783	26.0697	4.5895	0.0000	0.0000	0.0000	1.3503	0.0000	2.7798	1.2882	0.0000	1.5180	20.0445	3.9454	8.4748	20.4291	21.7625	8.3548	0.0000	0.0000	0.0000	0.3075	0.0000	1.1168	0.3004	0.0000	0.7710	50.7979	14.2090	11.6968	52.7477	52.1272	14.1109	0.0000	0.0000	0.0000	0.7287	0.0000	1.3500	0.6510	0.0000	0.0000	43.0594	7.3503	9.6501	43.6822	44.1275	6.8918	0.0000	0.0000	0.0000	1.0077	0.0000	2.1490	0.9472	0.0000	7.7987
43	168.0000	172.0000	1.8131	0.0000	0.2167	0.9194	0.7060	-0.0291	16.8089	4.6282	3.7160	17.4344	17.2148	4.4915	0.0000	0.0000	0.0000	0.2499	0.0000	1.0487	0.2760	0.0000	2.9169	24.3112	3.4675	6.6238	24.5572	25.1974	6.1167	0.0000	0.0000	0.0000	0.9760	0.0000	2.0716	0.8944	0.0000	0.7393	20.1099	4.2465	5.6713	20.5534	20.8943	4.1381	0.0000	0.0000	0.0000	0.1832	0.0000	0.9149	0.1969	0.0000	5.5912	31.9695	4.3391	3.9537	32.2626	32.2131	4.2372	0.0000	0.0000	0.0000	0.2087	0.0000	0.8845	0.2192	0.0000	0.0000	0.0000	0.0000	0.0000	0.0000	0.0000	0.0000	0.0000	0.0000	0.0000	0.0000	0.0000	0.0000	0.0000	0.0000	0.0000
44	172.0000	176.0000	2.2124	0.0000	0.2495	0.9719	0.9233	0.0676	13.5227	2.9205	4.8357	13.8344	14.3613	1.9729	0.0000	0.0000	0.0000	0.5451	0.0000	1.3054	0.5106	1.0250	4.5224	23.8402	3.2794	6.6694	24.0647	24.7555	5.9402	0.0000	0.0000	0.0000	0.9159	0.0000	2.2194	0.8623	0.6156	1.5341	19.9900	6.9579	7.1956	21.1663	21.2456	5.8683	0.0000	0.0000	0.0000	0.7601	0.0000	1.6763	0.6966	2.2475	6.3101	23.4161	1.3072	0.9174	23.4525	23.4340	1.0932	0.0000	0.0000	0.0000	0.2206	0.0000	0.6447	0.2223	0.0000	0.0000	56.8343	16.5672	53.1808	59.1998	77.8353	16.4725	0.0000	0.0000	0.0000	0.5185	0.0000	1.6224	0.4768	0.0000	51.5879
45	176.0000	180.0000	2.1699	0.0000	0.2853	0.8081	0.9615	0.1149	14.9897	3.1892	2.1513	15.3252	15.1433	1.4566	0.0000	0.0000	0.0000	0.5607	0.0000	1.3875	0.5316	0.0338	2.7656	25.6662	6.7599	8.6053	26.5415	27.0704	7.2879	0.0000	0.0000	0.0000	2.0203	0.0000	3.6248	1.9265	0.2567	0.9339	24.9759	7.1980	2.6943	25.9924	25.1208	2.4122	0.0000	0.0000	0.0000	0.2254	0.0000	1.1571	0.2519	0.0000	7.0964	24.9271	3.3923	4.8368	25.1569	25.3920	4.7136	0.0000	0.0000	0.0000	0.4213	0.0000	0.9345	0.3602	0.0000	0.0000	41.2635	1.5940	1.8147	41.2943	41.3034	1.1574	0.0000	0.0000	0.0000	0.4612	0.0000	1.2426	0.4691	0.0000	0.0000
46	180.0000	184.0000	1.5033	0.0000	0.1813	0.4598	0.7347	0.1275	15.3303	2.9404	3.8326	15.6098	15.8022	3.3716	0.0000	0.0000	0.0000	0.6569	0.0000	1.5892	0.6232	0.0046	0.1034	23.2747	3.2318	3.6776	23.4980	23.5635	1.9718	0.0000	0.0000	0.0000	1.3025	0.0000	2.5708	1.1845	0.0379	0.8573	28.0785	6.6980	3.6512	28.8664	28.3149	6.4743	0.0000	0.0000	0.0000	0.4752	0.0000	1.5692	0.5089	0.0000	0.0000	24.4519	3.4499	6.8272	24.6940	25.3871	6.7642	0.0000	0.0000	0.0000	0.2747	0.0000	0.8416	0.2758	0.0000	0.0000	38.3600	13.2961	13.8067	40.5989	40.7690	12.5729	0.0000	0.0000	0.0000	2.5958	0.0000	4.5731	2.2382	0.0000	0.0000
47	184.0000	188.0000	1.5396	0.0000	0.1577	0.4811	0.8219	0.0789	17.9385	1.7187	1.5635	18.0206	18.0065	0.7026	0.0000	0.0000	0.0000	0.4528	0.0000	1.2827	0.4479	0.0609	0.6369	30.7743	4.6514	4.9188	31.1239	31.1649	2.6471	0.0000	0.0000	0.0000	1.6392	0.0000	3.0166	1.4436	0.5945	2.7223	32.6631	8.1213	4.5438	33.6576	32.9776	7.3189	0.0000	0.0000	0.0000	0.7535	0.0000	2.0623	0.7558	0.0000	2.6452	26.5318	2.4872	3.7861	26.6481	26.8006	3.7439	0.0000	0.0000	0.0000	0.0757	0.0000	0.5514	0.1009	0.0000	0.0000	51.8904	17.6416	16.0961	54.8073	54.3295	17.6132	0.0000	0.0000	0.0000	0.1767	0.0000	0.6814	0.1951	0.0000	0.6845
48	188.0000	192.0000	1.1482	0.0000	0.1077	0.3874	0.5959	0.0572	19.3151	4.4091	1.8924	19.8119	19.4076	1.3597	0.0000	0.0000	0.0000	0.4220	0.0000	1.1941	0.3868	0.0000	4.2055	26.8051	3.6811	3.7595	27.0567	27.0675	0.7740	0.0000	0.0000	0.0000	1.6231	0.0000	2.9933	1.3950	0.0000	0.3004	32.9359	13.0493	3.0956	35.4268	33.0811	3.7331	0.0000	0.0000	0.0000	0.2901	0.0000	1.2281	0.2628	0.0000	12.4373	29.5774	0.9190	3.1684	29.5916	29.7466	3.0327	0.0000	0.0000	0.0000	0.2766	0.0000	0.8337	0.2702	0.0000	0.0000	55.5395	24.4155	17.1746	60.6692	58.1343	24.3667	0.0000	0.0000	0.0000	0.5673	0.0000	1.3288	0.5422	0.0000	0.0000
49	192.0000	196.0000	1.4760	0.0000	0.1417	0.4583	0.8550	0.0210	19.0188	3.6269	5.4889	19.3616	19.7950	4.5906	0.0000	0.0000	0.0000	0.6364	0.0000	1.4744	0.5833	0.0000	2.4798	24.1605	3.7268	4.9914	24.4462	24.6707	3.8013	0.0000	0.0000	0.0000	1.1603	0.0000	2.6370	1.1096	0.0000	1.0050	28.2854	1.6044	8.1223	28.3309	29.4285	2.1873	0.0000	0.0000	0.0000	0.4614	0.0000	1.3833	0.4118	0.0000	7.6751	26.9986	3.1322	5.7536	27.1797	27.6049	5.6134	0.0000	0.0000	0.0000	0.4113	0.0000	1.1360	0.3744	0.0000	0.0000	413.4356	84.7952	26.5649	422.0417	414.2882	83.1501	0.0000	0.0000	0.0000	10.0899	0.0000	9.3991	9.2813	0.0000	0.0000
50	196.0000	200.0000	9.1232	0.0000	1.2381	4.5891	2.6136	0.6824	6.5484	2.0489	2.2284	6.8615	6.9172	0.3260	0.0000	0.0000	0.0000	0.6837	0.0000	1.7150	0.6504	0.1999	1.0138	8.5251	5.2613	5.7708	10.0179	10.2946	2.1786	0.0000	0.0000	0.0000	1.7075	0.0000	3.4077	1.5349	1.4730	3.1130	9.5261	1.7293	2.3371	9.6818	9.8086	1.4691	0.0000	0.0000	0.0000	0.4960	0.0000	1.4324	0.4880	0.3353	0.8890	13.9181	2.0568	2.6822	14.0693	14.1742	2.3797	0.0000	0.0000	0.0000	0.3611	0.0000	1.1306	0.3689	0.0000	0.0023	21.9038	6.4088	4.1624	22.8221	22.2957	5.4859	0.0000	0.0000	0.0000	1.3239	0.0000	2.7823	1.2157	0.0802	1.9177
